1.000000 0.000000 1.000000 
1.000000 0.000000 1.000000 
1.000000 0.000000 1.000000 
1.000000 0.000000 1.000000 
1.000000 0.000000 1.000000 
1.000000 0.000000 1.000000 
1.000000 0.000000 1.000000 
1.000000 0.000000 1.000000 
1.000000 0.000000 1.000000 
1.000000 0.000000 1.000000 
1.000000 0.000000 1.000000 
1.000000 0.000000 1.000000 
1.000000 0.000000 1.000000 
1.000000 0.000000 1.000000 
1.000000 0.000000 1.000000 
1.000000 0.000000 1.000000 
1.000000 0.000000 1.000000 
1.000000 0.000000 1.000000 
1.000000 0.000000 1.000000 
1.000000 0.000000 1.000000 
1.000000 0.000000 1.000000 
1.000000 0.000000 1.000000 
1.000000 0.000000 1.000000 
1.000000 0.000000 1.000000 
1.000000 0.000000 1.000000 
1.000000 0.000000 1.000000 
1.000000 0.000000 1.000000 
1.000000 0.000000 1.000000 
1.000000 0.000000 1.000000 
1.000000 0.000000 1.000000 
1.000000 0.000000 1.000000 
1.000000 0.000000 1.000000 
1.000000 0.000000 1.000000 
1.000000 0.000000 1.000000 
1.000000 0.000000 1.000000 
1.000000 0.000000 1.000000 
1.000000 0.000000 1.000000 
1.000000 0.000000 1.000000 
1.000000 0.000000 1.000000 
1.000000 0.000000 1.000000 
1.000000 0.000000 1.000000 
1.000000 0.000000 1.000000 
1.000000 0.000000 1.000000 
1.000000 0.000000 1.000000 
1.000000 0.000000 1.000000 
1.000000 0.000000 1.000000 
1.000000 0.000000 1.000000 
1.000000 0.000000 1.000000 
1.000000 0.000000 1.000000 
1.000000 0.000000 1.000000 
1.000000 0.000000 1.000000 
1.000000 0.000000 1.000000 
1.000000 0.000000 1.000000 
1.000000 0.000000 1.000000 
1.000000 0.000000 1.000000 
1.000000 0.000000 1.000000 
1.000000 0.000000 1.000000 
1.000000 0.000000 1.000000 
1.000000 0.000000 1.000000 
1.000000 0.000000 1.000000 
1.000000 0.000000 1.000000 
1.000000 0.000000 1.000000 
1.000000 0.000000 1.000000 
1.000000 0.000000 1.000000 
1.000000 0.000000 1.000000 
1.000000 0.000000 1.000000 
1.000000 0.000000 1.000000 
1.000000 0.000000 1.000000 
1.000000 0.000000 1.000000 
1.000000 0.000000 1.000000 
1.000000 0.000000 1.000000 
1.000000 0.000000 1.000000 
1.000000 0.000000 1.000000 
1.000000 0.000000 1.000000 
1.000000 0.000000 1.000000 
1.000000 0.000000 1.000000 
1.000000 0.000000 1.000000 
1.000000 0.000000 1.000000 
1.000000 0.000000 1.000000 
1.000000 0.000000 1.000000 
1.000000 0.000000 1.000000 
1.000000 0.000000 1.000000 
1.000000 0.000000 1.000000 
1.000000 0.000000 1.000000 
1.000000 0.000000 1.000000 
1.000000 0.000000 1.000000 
1.000000 0.000000 0.999999 
0.999999 0.000001 0.999999 
0.999999 0.000002 0.999998 
0.999997 0.000003 0.999996 
0.999995 0.000006 0.999993 
0.999991 0.000010 0.999988 
0.999985 0.000018 0.999979 
0.999974 0.000031 0.999963 
0.999955 0.000053 0.999937 
0.999925 0.000089 0.999895 
0.999877 0.000145 0.999828 
0.999802 0.000234 0.999723 
0.999687 0.000371 0.999562 
0.999514 0.000575 0.999320 
0.999261 0.000875 0.998965 
0.998898 0.001305 0.998457 
0.998390 0.001906 0.997746 
0.997697 0.002728 0.996777 
0.996774 0.003822 0.995487 
0.995577 0.005242 0.993814 
0.994064 0.007040 0.991700 
0.992198 0.009259 0.989095 
0.989955 0.011932 0.985967 
0.987322 0.015076 0.982297 
0.984301 0.018692 0.978092 
0.980906 0.022765 0.973373 
0.977166 0.027266 0.968181 
0.973116 0.032155 0.962568 
0.968796 0.037388 0.956591 
0.964249 0.042917 0.950312 
0.959516 0.048694 0.943788 
0.954633 0.054677 0.937072 
0.949635 0.060829 0.930209 
0.944547 0.067116 0.923240 
0.939394 0.073512 0.916195 
0.934192 0.079997 0.909101 
0.928957 0.086553 0.901977 
0.923699 0.093166 0.894838 
0.918428 0.099827 0.887697 
0.913151 0.106527 0.880564 
0.907871 0.113260 0.873445 
0.902595 0.120021 0.866346 
0.897324 0.126806 0.859272 
0.892062 0.133612 0.852226 
0.886811 0.140435 0.845211 
0.881573 0.147275 0.838230 
0.876349 0.154128 0.831284 
0.871140 0.160994 0.824374 
0.865947 0.167872 0.817503 
0.860772 0.174759 0.810671 
0.855615 0.181656 0.803880 
0.850476 0.188560 0.797128 
0.845356 0.195473 0.790419 
0.840256 0.202392 0.783751 
0.835176 0.209317 0.777125 
0.830117 0.216249 0.770542 
0.825078 0.223186 0.764001 
0.820060 0.230128 0.757504 
0.815063 0.237074 0.751049 
0.810087 0.244025 0.744638 
0.805133 0.250980 0.738270 
0.800200 0.257938 0.731946 
0.795289 0.264900 0.725665 
0.790400 0.271866 0.719427 
0.785533 0.278834 0.713232 
0.780688 0.285806 0.707081 
0.775865 0.292780 0.700973 
0.771063 0.299757 0.694908 
0.766284 0.306736 0.688885 
0.761528 0.313718 0.682906 
0.756793 0.320702 0.676969 
0.752080 0.327688 0.671074 
0.747390 0.334676 0.665222 
0.742722 0.341666 0.659413 
0.738076 0.348658 0.653645 
0.733452 0.355651 0.647919 
0.728850 0.362646 0.642235 
0.724270 0.369643 0.636592 
0.719712 0.376642 0.630990 
0.715176 0.383642 0.625430 
0.710662 0.390643 0.619911 
0.706171 0.397646 0.614432 
0.701701 0.404650 0.608994 
0.697252 0.411655 0.603596 
0.692826 0.418662 0.598238 
0.688422 0.425670 0.592920 
0.684039 0.432679 0.587642 
0.679677 0.439689 0.582404 
0.675338 0.446700 0.577204 
0.671020 0.453712 0.572044 
0.666723 0.460725 0.566923 
0.662448 0.467740 0.561840 
0.658194 0.474755 0.556796 
0.653962 0.481771 0.551789 
0.649751 0.488788 0.546821 
0.645561 0.495806 0.541891 
0.641392 0.502824 0.536998 
0.637244 0.509844 0.532143 
0.633118 0.516864 0.527324 
0.629012 0.523886 0.522543 
0.624927 0.530907 0.517798 
0.620863 0.537930 0.513090 
0.616820 0.544953 0.508418 
0.612797 0.551978 0.503782 
0.608795 0.559002 0.499182 
0.604814 0.566028 0.494617 
0.600853 0.573054 0.490088 
0.596912 0.580080 0.485595 
0.592992 0.587108 0.481136 
0.589092 0.594136 0.476712 
0.585213 0.601164 0.472322 
0.581353 0.608193 0.467967 
0.577514 0.615222 0.463646 
0.573695 0.622252 0.459359 
0.569896 0.629283 0.455105 
0.566116 0.636314 0.450886 
0.562357 0.643345 0.446699 
0.558617 0.650377 0.442546 
0.554897 0.657409 0.438425 
0.551197 0.664441 0.434338 
0.547516 0.671474 0.430283 
0.543855 0.678507 0.426260 
0.540213 0.685540 0.422269 
0.536591 0.692573 0.418311 
0.532988 0.699607 0.414384 
0.529405 0.706640 0.410488 
0.525841 0.713674 0.406625 
0.522296 0.720707 0.402792 
0.518770 0.727740 0.398991 
0.515264 0.734773 0.395220 
0.511777 0.741805 0.391481 
0.508309 0.748837 0.387772 
0.504860 0.755869 0.384093 
0.501430 0.762899 0.380445 
0.498020 0.769928 0.376827 
0.494628 0.776956 0.373239 
0.491256 0.783983 0.369682 
0.487903 0.791007 0.366154 
0.484570 0.798029 0.362657 
0.481256 0.805049 0.359190 
0.477963 0.812065 0.355752 
0.474688 0.819078 0.352345 
0.471434 0.826085 0.348968 
0.468200 0.833087 0.345621 
0.464988 0.840083 0.342306 
0.461796 0.847070 0.339021 
0.458626 0.854048 0.335767 
0.455479 0.861015 0.332546 
0.452355 0.867967 0.329358 
0.449258 0.874903 0.326203 
0.446182 0.881817 0.323084 
0.443144 0.888707 0.320002 
0.440117 0.895564 0.316959 
0.437159 0.902383 0.313958 
0.434184 0.909143 0.311006 
0.431349 0.915831 0.308110 
0.428436 0.922392 0.305290 
0.425852 0.928760 0.302578 
0.423099 0.934711 0.300056 
0.421271 0.939818 0.297914 
0.419483 0.942820 0.296649 
0.420960 0.941205 0.297345 
0.423461 0.932448 0.300975 
0.428947 0.923990 0.304711 
0.424620 0.927303 0.302964 
0.424065 0.939306 0.298624 
0.417633 0.937234 0.297836 
0.439058 0.916036 0.310901 
0.319277 1.213907 0.200887 
0.379652 1.045427 0.256736 
0.429791 0.919298 0.306610 
0.426405 0.927165 0.303244 
0.428915 0.921335 0.305738 
0.422707 0.935882 0.299560 
0.428981 0.921160 0.305811 
0.424499 0.931622 0.301353 
0.427119 0.925478 0.303962 
0.425661 0.928885 0.302512 
0.426392 0.927168 0.303241 
0.426006 0.928062 0.302861 
0.426175 0.927658 0.303032 
0.426088 0.927860 0.302946 
0.426126 0.927778 0.302981 
0.426114 0.927809 0.302967 
0.426118 0.927791 0.302975 
0.426111 0.927791 0.302975 
0.426117 0.927777 0.302980 
0.426131 0.927766 0.302985 
0.426145 0.927754 0.302990 
0.426147 0.927739 0.302996 
0.426147 0.927718 0.303005 
0.426157 0.927698 0.303013 
0.426180 0.927678 0.303022 
0.426200 0.927654 0.303032 
0.426206 0.927629 0.303042 
0.426209 0.927608 0.303051 
0.426227 0.927587 0.303060 
0.426249 0.927564 0.303070 
0.426254 0.927544 0.303079 
0.426249 0.927528 0.303086 
0.426266 0.927510 0.303093 
0.426307 0.927491 0.303102 
0.426322 0.927476 0.303108 
0.426284 0.927464 0.303113 
0.426243 0.927449 0.303120 
0.426278 0.927435 0.303126 
0.426377 0.927426 0.303130 
0.426423 0.927420 0.303133 
0.426330 0.927411 0.303137 
0.426179 0.927404 0.303140 
0.426168 0.927404 0.303141 
0.426364 0.927403 0.303141 
0.426568 0.927400 0.303143 
0.426506 0.927400 0.303143 
0.426173 0.927405 0.303142 
0.425913 0.927407 0.303142 
0.426072 0.927408 0.303142 
0.426567 0.927412 0.303140 
0.426887 0.927418 0.303138 
0.426604 0.927421 0.303137 
0.425889 0.927424 0.303136 
0.425447 0.927431 0.303133 
0.425838 0.927437 0.303131 
0.426828 0.927440 0.303130 
0.427491 0.927444 0.303129 
0.427056 0.927451 0.303126 
0.425733 0.927456 0.303125 
0.424668 0.927458 0.303124 
0.424960 0.927463 0.303123 
0.426600 0.927468 0.303121 
0.428310 0.927470 0.303121 
0.428530 0.927470 0.303121 
0.426785 0.927473 0.303120 
0.424251 0.927475 0.303119 
0.422955 0.927474 0.303119 
0.424185 0.927473 0.303119 
0.427358 0.927474 0.303119 
0.430279 0.927473 0.303119 
0.430656 0.927470 0.303120 
0.427819 0.927469 0.303121 
0.423355 0.927469 0.303121 
0.420184 0.927467 0.303123 
0.420656 0.927463 0.303125 
0.424943 0.927462 0.303125 
0.430778 0.927461 0.303126 
0.434721 0.927456 0.303127 
0.434166 0.927452 0.303129 
0.428910 0.927450 0.303129 
0.421378 0.927448 0.303129 
0.415399 0.927443 0.303131 
0.414246 0.927440 0.303132 
0.418980 0.927440 0.303132 
0.427898 0.927437 0.303132 
0.437289 0.927434 0.303134 
0.443073 0.927433 0.303134 
0.442532 0.927434 0.303134 
0.435390 0.927432 0.303135 
0.423866 0.927430 0.303136 
0.411791 0.927431 0.303135 
0.403233 0.927432 0.303134 
0.401150 0.927429 0.303135 
0.406550 0.927428 0.303135 
0.418329 0.927430 0.303133 
0.433748 0.927431 0.303132 
0.449269 0.927430 0.303133 
0.461465 0.927431 0.303132 
0.467754 0.927435 0.303131 
0.466801 0.927436 0.303130 
0.458556 0.927436 0.303130 
0.444033 0.927439 0.303129 
0.424931 0.927442 0.303128 
0.403219 0.927442 0.303128 
0.380778 0.927442 0.303127 
0.359163 0.927446 0.303126 
0.339488 0.927448 0.303125 
0.322405 0.927449 0.303126 
0.308162 0.927450 0.303126 
0.296704 0.927453 0.303125 
0.287775 0.927456 0.303125 
0.281013 0.927456 0.303125 
0.276021 0.927456 0.303125 
0.272420 0.927457 0.303125 
0.269877 0.927459 0.303124 
0.268119 0.927459 0.303124 
0.266927 0.927457 0.303124 
0.266138 0.927457 0.303124 
0.265631 0.927458 0.303123 
0.265321 0.927459 0.303123 
0.265147 0.927458 0.303124 
0.265066 0.927458 0.303125 
0.265050 0.927461 0.303125 
0.265076 0.927465 0.303126 
0.265131 0.927466 0.303127 
0.265202 0.927466 0.303128 
0.265281 0.927468 0.303129 
0.265361 0.927470 0.303129 
0.265437 0.927470 0.303130 
0.265506 0.927467 0.303130 
0.265564 0.927463 0.303130 
0.265609 0.927461 0.303129 
0.265642 0.927457 0.303127 
0.265663 0.927451 0.303127 
0.265672 0.927444 0.303127 
0.265671 0.927441 0.303126 
0.265661 0.927441 0.303125 
0.265645 0.927441 0.303125 
0.265627 0.927440 0.303127 
0.265605 0.927442 0.303129 
0.265583 0.927449 0.303130 
0.265563 0.927456 0.303132 
0.265546 0.927460 0.303135 
0.265532 0.927461 0.303137 
0.265522 0.927464 0.303138 
0.265515 0.927467 0.303138 
0.265512 0.927465 0.303137 
0.265514 0.927456 0.303136 
0.265519 0.927445 0.303133 
0.265526 0.927437 0.303129 
0.265535 0.927427 0.303125 
0.265546 0.927415 0.303122 
0.265558 0.927405 0.303120 
0.265570 0.927400 0.303118 
0.265581 0.927401 0.303116 
0.265592 0.927407 0.303118 
0.265602 0.927414 0.303122 
0.265610 0.927425 0.303126 
0.265614 0.927438 0.303128 
0.265616 0.927454 0.303133 
0.265618 0.927474 0.303140 
0.265618 0.927494 0.303148 
0.265613 0.927500 0.303149 
0.265600 0.927479 0.303140 
0.265585 0.927447 0.303129 
0.265575 0.927437 0.303127 
0.265572 0.927458 0.303134 
0.265564 0.927464 0.303134 
0.265545 0.927404 0.303113 
0.265522 0.927310 0.303082 
0.265514 0.927289 0.303076 
0.265534 0.927390 0.303109 
0.265555 0.927498 0.303143 
0.265546 0.927443 0.303125 
0.265512 0.927267 0.303067 
0.265515 0.927263 0.303065 
0.265590 0.927606 0.303178 
0.265668 0.927955 0.303295 
0.265627 0.927730 0.303221 
0.265473 0.926973 0.302967 
0.265414 0.926677 0.302867 
0.265624 0.927664 0.303197 
0.265920 0.929057 0.303665 
0.265851 0.928712 0.303551 
0.265303 0.926099 0.302673 
0.264901 0.924190 0.302032 
0.265389 0.926522 0.302813 
0.266437 0.931505 0.304491 
0.266573 0.932158 0.304712 
0.265019 0.924791 0.302234 
0.263464 0.917360 0.299754 
0.264601 0.922827 0.301578 
0.268116 0.939521 0.307205 
0.269388 0.945513 0.309247 
0.264736 0.923566 0.301822 
0.258558 0.893666 0.291974 
0.260402 0.902763 0.294943 
0.271802 0.956989 0.313185 
0.279103 0.990373 0.324938 
0.266315 0.931841 0.304585 
0.243174 0.816230 0.267779 
0.241743 0.809285 0.265739 
0.274023 0.969573 0.317482 
0.307405 1.113209 0.371719 
0.278085 0.995306 0.326571 
0.191551 0.525975 0.191976 
0.138058 0.111939 0.115706 
0.126467 0.012439 0.101657 
0.125142 0.001201 0.100159 
0.125013 0.000114 0.100015 
0.125001 0.000011 0.100001 
0.125000 0.000001 0.100000 
0.125000 0.000000 0.100000 
0.125000 0.000000 0.100000 
0.125000 0.000000 0.100000 
0.125000 0.000000 0.100000 
0.125000 0.000000 0.100000 
0.125000 0.000000 0.100000 
0.125000 0.000000 0.100000 
0.125000 0.000000 0.100000 
0.125000 0.000000 0.100000 
0.125000 0.000000 0.100000 
0.125000 0.000000 0.100000 
0.125000 0.000000 0.100000 
0.125000 0.000000 0.100000 
0.125000 0.000000 0.100000 
0.125000 0.000000 0.100000 
0.125000 0.000000 0.100000 
0.125000 0.000000 0.100000 
0.125000 0.000000 0.100000 
0.125000 0.000000 0.100000 
0.125000 0.000000 0.100000 
0.125000 0.000000 0.100000 
0.125000 0.000000 0.100000 
0.125000 0.000000 0.100000 
0.125000 0.000000 0.100000 
0.125000 0.000000 0.100000 
0.125000 0.000000 0.100000 
0.125000 0.000000 0.100000 
0.125000 0.000000 0.100000 
0.125000 0.000000 0.100000 
0.125000 0.000000 0.100000 
0.125000 0.000000 0.100000 
0.125000 0.000000 0.100000 
0.125000 0.000000 0.100000 
0.125000 0.000000 0.100000 
0.125000 0.000000 0.100000 
